1 2 3 4
5 6 7 8
9 10 11 12
13 14 15 16
17 18 19 20
21 22 23 24
25 26 27 28
29 30 31 32
33 34 35 36
37 38 39 40
41 42 43 44
45 46 47 48
49 50 51 52
53 54 55 56
57 58 59 60
61 62 63 64
-5 -1
-9 -1
-9 -5
-13 -1
-13 -5
-13 -9
-6 -2
-10 -2
-10 -6
-14 -2
-14 -6
-14 -10
-7 -3
-11 -3
-11 -7
-15 -3
-15 -7
-15 -11
-8 -4
-12 -4
-12 -8
-16 -4
-16 -8
-16 -12
-21 -17
-25 -17
-25 -21
-29 -17
-29 -21
-29 -25
-22 -18
-26 -18
-26 -22
-30 -18
-30 -22
-30 -26
-23 -19
-27 -19
-27 -23
-31 -19
-31 -23
-31 -27
-24 -20
-28 -20
-28 -24
-32 -20
-32 -24
-32 -28
-37 -33
-41 -33
-41 -37
-45 -33
-45 -37
-45 -41
-38 -34
-42 -34
-42 -38
-46 -34
-46 -38
-46 -42
-39 -35
-43 -35
-43 -39
-47 -35
-47 -39
-47 -43
-40 -36
-44 -36
-44 -40
-48 -36
-48 -40
-48 -44
-53 -49
-57 -49
-57 -53
-61 -49
-61 -53
-61 -57
-54 -50
-58 -50
-58 -54
-62 -50
-62 -54
-62 -58
-55 -51
-59 -51
-59 -55
-63 -51
-63 -55
-63 -59
-56 -52
-60 -52
-60 -56
-64 -52
-64 -56
-64 -60
-17 -1
-33 -1
-33 -17
-49 -1
-49 -17
-49 -33
-18 -2
-34 -2
-34 -18
-50 -2
-50 -18
-50 -34
-19 -3
-35 -3
-35 -19
-51 -3
-51 -19
-51 -35
-20 -4
-36 -4
-36 -20
-52 -4
-52 -20
-52 -36
-21 -5
-37 -5
-37 -21
-53 -5
-53 -21
-53 -37
-22 -6
-38 -6
-38 -22
-54 -6
-54 -22
-54 -38
-23 -7
-39 -7
-39 -23
-55 -7
-55 -23
-55 -39
-24 -8
-40 -8
-40 -24
-56 -8
-56 -24
-56 -40
-25 -9
-41 -9
-41 -25
-57 -9
-57 -25
-57 -41
-26 -10
-42 -10
-42 -26
-58 -10
-58 -26
-58 -42
-27 -11
-43 -11
-43 -27
-59 -11
-59 -27
-59 -43
-28 -12
-44 -12
-44 -28
-60 -12
-60 -28
-60 -44
-29 -13
-45 -13
-45 -29
-61 -13
-61 -29
-61 -45
-30 -14
-46 -14
-46 -30
-62 -14
-62 -30
-62 -46
-31 -15
-47 -15
-47 -31
-63 -15
-63 -31
-63 -47
-32 -16
-48 -16
-48 -32
-64 -16
-64 -32
-64 -48
1
26
39
46
64
